batch class_loss class_acc conf_loss conf
0 2.3218 12.50 0.6889 50.08
10 2.1784 15.62 0.4977 27.08
20 2.0813 34.38 0.7022 22.02
30 1.9716 37.50 0.6429 28.10
40 1.9277 28.12 0.5031 37.34
50 1.6635 50.00 0.6335 40.87
60 1.6033 46.88 0.5936 45.61
70 1.4196 46.88 0.5602 50.29
80 1.2120 68.75 0.6348 55.86
90 1.3026 56.25 0.5133 61.37
100 1.3551 62.50 0.5615 64.29
110 0.9604 68.75 0.4298 66.94
120 0.9761 68.75 0.5743 66.65
130 1.0857 62.50 0.6113 63.77
140 0.9517 68.75 0.3810 65.18
150 0.9088 71.88 0.4079 68.66
160 0.9087 68.75 0.3844 70.56
170 0.8552 71.88 0.6363 71.71
180 0.9566 65.62 0.6215 69.49
190 1.0468 62.50 0.5857 70.52
200 0.8138 75.00 0.4305 66.67
210 0.8206 75.00 0.5009 69.30
220 0.5677 84.38 0.3085 73.35
230 1.0316 62.50 0.5943 71.23
240 0.5975 87.50 0.4666 71.61
250 0.9946 71.88 0.4723 73.67
260 0.9141 78.12 0.4284 74.33
270 1.1531 62.50 0.4955 69.14
280 0.5442 81.25 0.4975 72.87
290 0.5668 81.25 0.2978 72.96
300 0.7119 78.12 0.4977 74.75
310 0.7276 71.88 0.3385 73.24
320 0.8986 65.62 0.3322 73.57
330 0.7869 78.12 0.4636 71.35
340 0.9832 68.75 0.4034 74.51
350 1.0471 62.50 0.5842 75.79
360 0.5523 78.12 0.2860 73.42
370 0.7471 71.88 0.2761 73.10
380 0.9042 65.62 0.3516 74.14
390 1.0738 62.50 0.4845 74.50
400 1.2771 53.12 0.4890 73.87
410 0.6945 78.12 0.3341 71.82
420 0.8092 78.12 0.3969 77.13
430 0.7647 71.88 0.5021 76.03
440 1.0767 62.50 0.6392 76.06
450 0.6787 81.25 0.1886 74.53
460 0.8855 71.88 0.5377 76.13
470 0.5881 78.12 0.3388 78.34
480 0.8260 59.38 0.5805 75.16
490 0.6847 81.25 0.5425 74.14
500 0.5894 75.00 0.5471 76.03
510 0.8556 78.12 0.5027 78.11
520 0.9582 65.62 0.4024 72.65
530 0.8493 68.75 0.3981 68.03
540 0.7880 75.00 0.2890 72.69
550 0.5661 84.38 0.3468 73.90
560 0.7468 75.00 0.5223 79.86
570 0.6387 78.12 0.5160 77.35
580 0.8686 75.00 0.1906 78.11
590 0.6268 84.38 0.3349 76.11
600 0.6487 78.12 0.2999 75.84
610 0.5484 81.25 0.2526 77.96
620 0.8806 65.62 0.4814 76.54
630 0.4301 87.50 0.3606 80.11
640 0.5358 75.00 0.3769 79.91
650 0.8818 78.12 0.3885 75.42
660 0.5370 87.50 0.3444 76.15
670 0.6446 75.00 0.3340 74.04
680 0.3505 90.62 0.2540 79.50
690 0.5339 78.12 0.5001 77.07
700 0.8446 62.50 0.6368 77.91
710 0.6691 65.62 0.4796 77.05
720 0.4741 84.38 0.3762 79.60
730 0.9851 68.75 0.4026 78.16
740 0.4730 81.25 0.3397 78.63
750 0.4217 87.50 0.3561 76.40
760 0.8161 68.75 0.4367 72.67
770 0.8146 71.88 0.3911 73.63
780 0.6490 75.00 0.2914 76.29
790 1.1046 65.62 0.4478 75.22
800 0.6080 78.12 0.2894 75.74
810 0.7478 68.75 0.3907 76.48
820 0.8991 71.88 0.4673 79.43
830 0.9355 68.75 0.4559 75.09
840 0.7113 78.12 0.2195 75.12
850 0.7100 78.12 0.4846 81.85
860 0.5150 84.38 0.2495 79.84
870 0.9119 71.88 0.3343 76.27
880 0.5303 81.25 0.3164 77.96
890 0.7868 65.62 0.4966 76.64
900 0.4261 87.50 0.3380 76.09
910 0.8118 78.12 0.3697 80.19
920 0.6298 78.12 0.3550 77.72
930 0.6590 78.12 0.2242 78.06
940 0.6113 78.12 0.2335 78.28
950 0.7095 78.12 0.2676 77.77
960 0.4472 84.38 0.3273 81.47
970 0.5891 81.25 0.3457 80.13
980 0.7463 71.88 0.5052 79.54
990 0.5262 78.12 0.4210 80.39
1000 0.6462 78.12 0.3002 74.51
1010 0.6609 68.75 0.3945 75.93
1020 0.3821 84.38 0.1454 78.03
1030 0.9788 68.75 0.4819 77.31
1040 0.5512 84.38 0.2367 79.67
1050 0.4959 87.50 0.1842 82.31
1060 0.7302 75.00 0.4537 83.51
1070 0.4323 78.12 0.2990 83.63
1080 0.6041 78.12 0.2037 78.71
1090 0.8362 65.62 0.3812 75.09
1100 0.7874 75.00 0.2277 76.61
1110 0.7119 75.00 0.3621 77.21
1120 0.4703 78.12 0.3741 82.40
1130 0.6855 75.00 0.2122 74.97
1140 0.6159 78.12 0.2952 75.82
1150 0.7576 71.88 0.3311 79.18
1160 0.7657 65.62 0.3848 78.18
1170 0.5930 78.12 0.2647 79.73
1180 0.6544 84.38 0.2196 80.90
1190 0.4646 84.38 0.2334 80.19
1200 0.6778 75.00 0.2138 80.78
1210 0.7599 71.88 0.3414 80.42
1220 0.5092 90.62 0.2611 81.44
1230 0.7453 78.12 0.3111 81.11
1240 0.7838 68.75 0.2812 74.69
1250 1.0045 62.50 0.5658 76.82
1260 0.6809 75.00 0.4594 77.62
1270 0.6774 81.25 0.1899 76.89
1280 0.3892 87.50 0.3227 80.04
1290 0.4989 81.25 0.2965 79.75
1300 0.3832 84.38 0.2238 80.88
1310 0.6291 81.25 0.2941 81.94
1320 0.5765 81.25 0.3560 79.60
1330 0.5861 78.12 0.1955 80.10
1340 0.3394 87.50 0.1783 81.68
1350 0.7489 81.25 0.2055 79.34
1360 0.9623 71.88 0.4226 78.25
1370 0.8222 78.12 0.3733 77.04
1380 0.8982 75.00 0.3833 76.92
1390 0.4884 81.25 0.1976 78.50
1400 0.3539 87.50 0.1281 83.33
1410 0.7425 78.12 0.3995 78.51
1420 0.5670 78.12 0.2155 79.28
1430 0.4268 84.38 0.2576 78.61
1440 0.4957 81.25 0.3501 81.31
1450 0.7172 71.88 0.2746 77.65
1460 0.6513 78.12 0.3360 80.97
1470 0.8017 78.12 0.5032 80.39
1480 0.8742 71.88 0.3357 77.38
1490 0.9211 71.88 0.4370 76.80
1500 0.4847 90.62 0.3547 79.99
1510 0.3073 87.50 0.3123 85.27
1520 0.6980 75.00 0.3066 79.95
1530 0.6924 71.88 0.3439 78.05
1540 0.4904 84.38 0.2155 80.04
1550 0.5632 87.50 0.3391 80.90
1560 0.6666 78.12 0.3815 79.84
1570 0.6510 78.12 0.1348 79.31
1580 0.1380 100.00 0.2282 83.95
1590 0.4511 78.12 0.3789 81.76
1600 0.3445 87.50 0.2012 85.41
1610 0.6602 78.12 0.3777 79.73
1620 0.7138 78.12 0.4098 81.76
1630 0.5976 84.38 0.3097 80.64
1640 0.4245 81.25 0.2729 84.33
1650 0.8997 78.12 0.4099 82.08
1660 0.9020 78.12 0.5748 77.37
1670 0.8222 78.12 0.4509 78.75
1680 0.5760 78.12 0.3590 78.91
1690 0.5797 84.38 0.3056 80.93
1700 0.4788 87.50 0.2191 78.06
1710 0.8074 71.88 0.4418 81.84
1720 0.5308 81.25 0.2688 80.56
1730 0.5119 87.50 0.3907 79.81
1740 0.4808 84.38 0.3710 83.29
1750 0.5902 78.12 0.4510 82.67
1760 0.4314 84.38 0.2521 81.77
1770 0.5680 84.38 0.3474 78.99
1780 0.4295 87.50 0.2253 82.15
1790 0.6593 75.00 0.4938 82.48
1800 0.3798 84.38 0.1440 82.73
1810 0.8064 75.00 0.2701 80.83
1820 0.4714 84.38 0.2531 81.27
1830 0.3664 84.38 0.2833 85.05
1840 0.3840 87.50 0.2046 82.99
1850 0.7946 68.75 0.5256 79.15
1860 0.3947 84.38 0.1855 83.97
1870 0.7337 75.00 0.3226 80.57
