batch class_loss class_acc conf_loss conf
0 0.4738 87.50 0.2111 77.85
10 0.6526 78.12 0.3638 80.33
20 0.8050 71.88 0.3378 83.26
30 0.5424 84.38 0.4485 83.13
40 0.3993 87.50 0.1763 85.52
50 0.8120 71.88 0.2975 77.25
60 0.5515 78.12 0.3495 79.14
70 0.2114 90.62 0.1101 88.43
80 0.6838 78.12 0.3939 79.16
90 0.7828 75.00 0.2243 77.03
100 0.2679 93.75 0.1797 82.12
110 0.5596 78.12 0.2452 79.93
120 0.3625 84.38 0.1841 85.71
130 0.6650 81.25 0.3388 78.41
140 0.4143 87.50 0.2615 85.07
150 0.5047 81.25 0.2969 81.93
160 0.9852 68.75 0.3416 79.88
170 0.4105 84.38 0.2316 78.24
180 0.5947 75.00 0.3441 78.52
190 0.4338 84.38 0.1945 81.90
200 0.6306 84.38 0.3630 86.43
210 0.4593 87.50 0.2506 81.71
220 0.5789 84.38 0.3194 79.61
230 0.7403 75.00 0.2374 75.48
240 0.6010 81.25 0.1729 80.58
250 0.9013 62.50 0.6090 81.42
260 0.2971 87.50 0.1983 86.35
270 0.4196 84.38 0.2959 83.95
280 0.1957 90.62 0.2174 89.07
290 0.5745 84.38 0.3456 77.39
300 0.3700 90.62 0.3050 81.11
310 0.6074 81.25 0.3268 81.07
320 0.3264 90.62 0.1407 82.09
330 0.6375 78.12 0.2429 78.03
340 0.5530 81.25 0.3155 82.72
350 0.4053 84.38 0.2113 83.92
360 0.6013 81.25 0.3447 81.42
370 0.2581 87.50 0.1798 87.81
380 0.4482 87.50 0.2467 82.26
390 0.3814 87.50 0.2005 82.68
400 1.2319 65.62 0.5266 81.46
410 0.4414 84.38 0.1259 80.09
420 0.4176 84.38 0.1186 81.92
430 0.4970 84.38 0.2972 84.06
440 0.3453 84.38 0.1964 82.58
450 0.6315 81.25 0.1915 78.23
460 0.5628 81.25 0.2952 80.48
470 0.7119 78.12 0.3516 80.25
480 0.5227 78.12 0.1830 80.08
490 0.5834 78.12 0.2436 81.26
500 0.4987 90.62 0.2322 80.66
510 1.1543 68.75 0.5275 80.42
520 1.0522 68.75 0.7243 79.00
530 0.3269 93.75 0.1537 86.78
540 0.6921 75.00 0.3378 80.38
550 0.8017 68.75 0.3260 78.28
560 0.5660 84.38 0.2214 82.42
570 0.4478 84.38 0.1115 81.97
580 0.6211 75.00 0.2591 75.99
590 0.5173 81.25 0.0983 80.80
600 0.2454 96.88 0.1556 86.83
610 0.2481 90.62 0.1069 87.99
620 0.5324 78.12 0.4095 85.61
630 0.7963 68.75 0.3331 79.69
640 0.7480 75.00 0.3227 77.67
650 0.4965 81.25 0.3213 84.81
660 0.6843 68.75 0.4291 83.24
670 0.6197 71.88 0.4223 82.43
680 1.1660 62.50 0.5663 74.09
690 0.7449 75.00 0.3050 76.37
700 0.6642 78.12 0.2479 75.21
710 0.5535 81.25 0.2574 76.59
720 0.6554 78.12 0.3077 83.60
730 0.5278 87.50 0.2494 82.00
740 0.2629 87.50 0.2588 85.61
750 0.4885 84.38 0.2824 82.96
760 0.3181 84.38 0.1682 86.19
770 0.6642 84.38 0.2682 84.02
780 0.7545 75.00 0.5725 79.38
790 0.1876 93.75 0.1626 85.75
800 0.6734 81.25 0.4607 83.24
810 0.5348 87.50 0.2229 84.34
820 0.5376 81.25 0.3095 86.24
830 0.7930 75.00 0.4505 79.43
840 0.5347 90.62 0.2088 81.98
850 0.6053 81.25 0.3229 81.29
860 0.3413 87.50 0.1836 83.83
870 0.8908 78.12 0.2981 80.11
880 0.6778 71.88 0.2852 74.79
890 0.4686 81.25 0.3821 85.45
900 0.2544 90.62 0.1069 86.04
910 0.4708 81.25 0.1692 83.68
920 0.4234 84.38 0.2396 86.21
930 0.6193 75.00 0.1801 79.15
940 0.9704 68.75 0.3535 78.59
950 0.5477 75.00 0.3819 81.45
960 0.7535 78.12 0.3663 77.24
970 0.3948 87.50 0.1840 82.97
980 0.4633 84.38 0.2195 80.95
990 0.5491 84.38 0.2213 86.08
1000 0.6424 81.25 0.3257 80.61
1010 0.5692 78.12 0.2392 82.46
1020 0.6247 81.25 0.3253 81.39
1030 0.3820 84.38 0.2618 84.49
1040 0.2487 90.62 0.1399 83.48
1050 0.4466 84.38 0.2849 79.52
1060 0.2003 93.75 0.1623 89.58
1070 0.7570 75.00 0.3049 80.49
1080 0.4927 84.38 0.2869 79.92
1090 0.3080 90.62 0.2868 83.65
1100 0.4862 87.50 0.3046 82.77
1110 0.3471 87.50 0.1341 82.83
1120 0.6109 75.00 0.3088 78.93
1130 0.4498 81.25 0.2593 77.91
1140 0.4751 84.38 0.2158 83.24
1150 0.4163 87.50 0.1230 83.29
1160 0.5338 84.38 0.2743 82.55
1170 0.4186 81.25 0.2577 85.54
1180 0.4421 87.50 0.1993 82.64
1190 0.7365 78.12 0.3948 76.89
1200 0.5847 81.25 0.3496 76.33
1210 0.2815 90.62 0.1925 84.47
1220 0.2092 93.75 0.1609 83.93
1230 0.5744 78.12 0.2521 80.91
1240 0.2950 90.62 0.1222 84.05
1250 0.6408 81.25 0.4215 82.12
1260 0.4088 81.25 0.2236 85.86
1270 0.7863 78.12 0.2676 80.43
1280 0.5468 84.38 0.2700 86.02
1290 0.5171 84.38 0.1540 82.74
1300 0.5853 81.25 0.2806 81.71
1310 0.6984 75.00 0.2069 80.29
1320 0.6505 71.88 0.2285 79.45
1330 0.5901 81.25 0.3668 80.70
1340 0.2440 90.62 0.1337 85.48
1350 0.6329 78.12 0.3637 78.82
1360 0.3825 84.38 0.2424 82.85
1370 0.5784 75.00 0.2671 80.93
1380 0.4655 84.38 0.2914 83.72
1390 0.5667 81.25 0.1772 80.95
1400 0.7265 75.00 0.3711 82.48
1410 0.5460 78.12 0.3061 82.45
1420 0.3311 90.62 0.1489 83.91
1430 0.3785 87.50 0.2752 83.77
1440 0.5712 78.12 0.3591 84.19
1450 0.6169 87.50 0.3001 87.95
1460 0.8807 71.88 0.3725 78.65
1470 0.4878 84.38 0.2140 87.21
1480 0.5818 75.00 0.6345 85.97
1490 0.4489 81.25 0.2084 81.08
1500 0.8733 71.88 0.4040 83.89
1510 0.6304 71.88 0.4017 81.73
1520 0.5565 81.25 0.2614 82.07
1530 0.3161 87.50 0.1664 80.42
1540 0.3696 87.50 0.2823 82.15
1550 0.6224 71.88 0.1056 76.79
1560 0.3252 87.50 0.1357 83.49
1570 0.4066 84.38 0.1418 84.61
1580 0.5120 75.00 0.2465 81.21
1590 0.3726 84.38 0.1913 83.55
1600 0.4739 87.50 0.1827 83.69
1610 0.6289 71.88 0.2747 76.17
1620 0.3075 90.62 0.1708 81.45
1630 0.5616 84.38 0.2106 77.01
1640 0.3430 87.50 0.2019 83.23
1650 0.4945 78.12 0.2315 79.88
1660 0.2779 90.62 0.1748 83.66
1670 0.4714 84.38 0.1607 78.87
1680 0.3819 81.25 0.2391 82.39
1690 0.5952 78.12 0.2502 83.82
1700 0.6512 71.88 0.1585 77.69
1710 0.6447 78.12 0.3069 76.65
1720 0.4205 84.38 0.2424 82.93
1730 0.1978 90.62 0.1029 89.09
1740 0.3962 84.38 0.1232 83.31
1750 0.5771 81.25 0.3543 77.83
1760 0.5010 81.25 0.2629 81.08
1770 0.7247 75.00 0.2318 77.60
1780 0.5473 81.25 0.2271 84.68
1790 0.5061 84.38 0.3227 85.38
1800 0.4075 84.38 0.2069 83.14
1810 0.8204 68.75 0.3256 81.14
1820 0.2255 93.75 0.1018 88.02
1830 0.5401 81.25 0.1942 83.02
1840 0.5714 75.00 0.2891 84.07
1850 0.5659 84.38 0.3707 80.87
1860 0.3878 84.38 0.3217 88.04
1870 0.4044 87.50 0.2420 83.80
