batch class_loss class_acc conf_loss conf
0 2.2977 12.50 0.7062 50.48
10 2.0366 43.75 0.7419 30.36
20 1.8192 53.12 0.7759 32.51
30 1.4722 78.12 0.7309 46.72
40 1.1382 75.00 0.5387 61.64
50 1.0520 78.12 0.5191 71.39
60 0.7271 93.75 0.3041 77.89
70 0.8726 81.25 0.4685 82.18
80 0.5619 90.62 0.3192 84.39
90 0.7430 75.00 0.5277 87.21
100 0.5960 84.38 0.3852 87.86
110 0.4201 90.62 0.3033 88.05
120 0.6359 84.38 0.3763 88.04
130 0.1647 100.00 0.1274 88.35
140 0.4394 87.50 0.3248 88.14
150 0.2944 90.62 0.2549 89.62
160 0.3611 93.75 0.2293 90.10
170 0.3169 90.62 0.2223 90.12
180 0.2862 90.62 0.2996 91.30
190 0.2594 93.75 0.2049 91.99
200 0.1123 100.00 0.0796 92.53
210 0.3229 90.62 0.2902 91.77
220 0.2798 93.75 0.2029 91.61
230 0.2163 93.75 0.1345 92.27
240 0.2300 90.62 0.3126 92.54
250 0.5314 81.25 0.4381 93.04
260 0.1679 96.88 0.1273 92.87
270 0.2083 93.75 0.1848 92.05
280 0.3157 90.62 0.2957 92.61
290 0.1507 96.88 0.1606 94.42
300 0.5975 81.25 0.4785 92.27
310 0.1113 100.00 0.0755 93.07
320 0.4926 84.38 0.3880 92.58
330 0.3169 90.62 0.2886 92.80
340 0.0678 100.00 0.0774 92.79
350 0.2606 93.75 0.1918 93.88
360 0.0713 100.00 0.0592 94.41
370 0.1986 90.62 0.2495 94.23
380 0.2645 93.75 0.2424 94.03
390 0.3021 90.62 0.2265 93.97
400 0.1137 93.75 0.2020 93.93
410 0.2117 93.75 0.2316 93.67
420 0.2342 93.75 0.2362 94.58
430 0.2852 93.75 0.1320 93.92
440 0.2261 93.75 0.1497 93.81
450 0.0963 96.88 0.1459 95.39
460 0.2744 93.75 0.2197 94.36
470 0.4767 87.50 0.3576 94.46
480 0.1268 93.75 0.1957 94.16
490 0.1387 96.88 0.1208 94.24
500 0.1874 90.62 0.2053 94.10
510 0.0986 96.88 0.1043 94.26
520 0.3766 90.62 0.2732 93.70
530 0.3326 93.75 0.2928 92.81
540 0.1820 93.75 0.2200 93.48
550 0.2209 93.75 0.2428 93.43
560 0.3523 90.62 0.3910 94.69
570 0.1544 96.88 0.1240 95.20
580 0.1359 93.75 0.1463 95.40
590 0.2201 93.75 0.1965 94.85
600 0.3633 93.75 0.3006 93.46
610 0.0420 100.00 0.0648 94.01
620 0.5020 90.62 0.3194 92.70
630 0.1392 90.62 0.2813 93.68
640 0.2672 90.62 0.2877 94.81
650 0.0159 100.00 0.0458 95.67
660 0.1399 96.88 0.0877 95.31
670 0.0958 96.88 0.1431 95.11
680 0.0681 96.88 0.0855 96.28
690 0.0264 100.00 0.0324 96.86
700 0.1080 96.88 0.1417 96.11
710 0.1015 96.88 0.1933 96.02
720 0.1004 96.88 0.1053 95.06
730 0.1179 93.75 0.1565 94.41
740 0.0932 96.88 0.0784 94.57
750 0.0725 100.00 0.0677 94.05
760 0.1458 93.75 0.1550 95.40
770 0.0521 100.00 0.0458 95.75
780 0.0266 100.00 0.0355 96.59
790 0.0379 100.00 0.0461 95.77
800 0.0225 100.00 0.0351 96.67
810 0.1071 96.88 0.0733 96.39
820 0.0070 100.00 0.0398 96.21
830 0.1984 93.75 0.1414 95.19
840 0.1624 93.75 0.2479 95.62
850 0.0289 100.00 0.0382 96.38
860 0.2513 90.62 0.2137 95.20
870 0.2608 90.62 0.2954 95.19
880 0.1136 96.88 0.0786 93.97
890 0.0675 96.88 0.1342 93.48
900 0.0133 100.00 0.0418 96.01
910 0.1479 93.75 0.1653 96.00
920 0.0852 93.75 0.1731 95.21
930 0.0264 100.00 0.0481 95.43
940 0.0815 100.00 0.0470 95.59
950 0.1384 96.88 0.0912 96.66
960 0.0712 96.88 0.1410 96.48
970 0.0842 96.88 0.1325 96.66
980 0.0558 96.88 0.0878 96.88
990 0.5240 87.50 0.4414 95.27
1000 0.1762 93.75 0.1688 94.97
1010 0.0520 100.00 0.0420 96.04
1020 0.0777 100.00 0.0500 95.39
1030 0.3190 90.62 0.2445 95.61
1040 0.3265 90.62 0.2628 95.85
1050 0.0929 96.88 0.1258 96.10
1060 0.1815 93.75 0.2063 96.74
1070 0.0263 100.00 0.0374 96.41
1080 0.3058 93.75 0.1790 93.18
1090 0.2083 93.75 0.1948 96.00
1100 0.0672 96.88 0.0793 97.16
1110 0.1201 96.88 0.0882 96.50
1120 0.0288 100.00 0.0344 96.90
1130 0.3398 90.62 0.2986 94.54
1140 0.0694 96.88 0.1213 95.75
1150 0.0377 96.88 0.0963 96.60
1160 0.0080 100.00 0.0398 96.17
1170 0.0336 100.00 0.0432 95.87
1180 0.1966 93.75 0.2263 95.76
1190 0.1178 96.88 0.0970 94.14
1200 0.0624 96.88 0.1415 94.96
1210 0.0860 96.88 0.0740 94.26
1220 0.0580 96.88 0.0845 95.68
1230 0.1396 96.88 0.0833 95.00
1240 0.1864 93.75 0.1757 93.92
1250 0.1696 96.88 0.0959 94.99
1260 0.0527 96.88 0.0896 97.63
1270 0.1984 93.75 0.2382 96.07
1280 0.0812 96.88 0.1173 96.34
1290 0.0813 100.00 0.0514 95.20
1300 0.6791 84.38 0.4871 95.66
1310 0.2753 87.50 0.2542 95.23
1320 0.0775 96.88 0.0987 96.50
1330 0.0352 96.88 0.0837 97.31
1340 0.0217 100.00 0.0269 97.38
1350 0.0262 100.00 0.0521 95.37
1360 0.0819 96.88 0.0861 96.45
1370 0.0206 100.00 0.0365 96.52
1380 0.1098 96.88 0.1086 96.05
1390 0.2594 93.75 0.1401 95.48
1400 0.0233 100.00 0.0517 95.17
1410 0.2952 90.62 0.2290 93.71
1420 0.1406 93.75 0.1667 95.30
1430 0.1918 90.62 0.2371 95.78
1440 0.1344 93.75 0.2333 95.05
1450 0.1092 93.75 0.1640 95.23
1460 0.1579 93.75 0.2349 95.55
1470 0.0750 96.88 0.0687 96.63
1480 0.0161 100.00 0.0293 97.18
1490 0.1302 96.88 0.0798 96.12
1500 0.0795 96.88 0.0798 96.22
1510 0.0889 96.88 0.1271 95.85
1520 0.0137 100.00 0.0237 97.72
1530 0.2769 87.50 0.4228 97.96
1540 0.0431 100.00 0.0297 97.23
1550 0.0621 96.88 0.1154 96.98
1560 0.2371 93.75 0.1871 94.96
1570 0.1126 93.75 0.2326 94.82
1580 0.0751 96.88 0.1161 95.26
1590 0.0208 100.00 0.0376 96.40
1600 0.2591 90.62 0.2731 95.02
1610 0.0989 93.75 0.2080 97.05
1620 0.0830 96.88 0.0891 97.31
1630 0.0467 100.00 0.0305 97.09
1640 0.4230 90.62 0.2634 96.74
1650 0.1659 96.88 0.1565 95.70
1660 0.2003 84.38 0.4483 95.07
1670 0.0304 100.00 0.0436 95.87
1680 0.0324 100.00 0.0430 95.98
1690 0.0785 96.88 0.1175 97.38
1700 0.2667 90.62 0.3777 97.87
1710 0.2832 93.75 0.1926 97.70
1720 0.0568 100.00 0.0448 95.84
1730 0.1478 90.62 0.2161 95.72
1740 0.0163 100.00 0.0298 97.22
1750 0.0162 100.00 0.0287 97.23
1760 0.0589 100.00 0.0333 96.93
1770 0.2047 93.75 0.1427 96.74
1780 0.0259 100.00 0.0466 95.74
1790 0.3955 93.75 0.2024 94.55
1800 0.0335 100.00 0.0407 96.12
1810 0.2042 93.75 0.1735 95.72
1820 0.1282 96.88 0.1326 96.44
1830 0.0071 100.00 0.0215 97.91
1840 0.0265 100.00 0.0321 96.94
1850 0.1821 93.75 0.1612 97.01
1860 0.0944 93.75 0.2112 96.59
1870 0.0094 100.00 0.0292 97.17
