batch class_loss class_acc conf_loss conf
0 2.2583 15.62 0.7195 53.15
10 2.0611 40.62 0.7089 34.99
20 1.9338 43.75 0.7048 35.62
30 1.5740 59.38 0.7285 43.45
40 1.0932 81.25 0.5568 55.83
50 1.2197 65.62 0.6380 66.79
60 1.1531 65.62 0.6138 72.68
70 0.8748 68.75 0.5278 77.42
80 0.5319 84.38 0.3731 81.06
90 0.5923 84.38 0.3793 83.48
100 0.3806 87.50 0.3121 85.79
110 0.6584 84.38 0.4148 88.25
120 0.6318 84.38 0.4253 88.94
130 0.4327 81.25 0.4395 89.26
140 0.3659 96.88 0.2135 87.80
150 0.3369 87.50 0.3360 88.71
160 0.5323 87.50 0.3814 87.96
170 0.2432 90.62 0.3040 89.10
180 0.2693 96.88 0.1824 89.72
190 0.2543 96.88 0.1537 90.89
200 0.3163 90.62 0.2445 91.30
210 0.3101 90.62 0.2571 93.30
220 0.3127 87.50 0.3395 94.02
230 0.1588 93.75 0.2206 94.07
240 0.2433 93.75 0.2277 92.84
250 0.4523 84.38 0.4254 92.69
260 0.3246 87.50 0.2877 92.14
270 0.2795 90.62 0.2757 91.52
280 0.3325 90.62 0.2599 91.91
290 0.2452 90.62 0.3028 91.93
300 0.1733 96.88 0.1323 93.50
310 0.1742 93.75 0.1770 92.92
320 0.2661 87.50 0.3163 93.54
330 0.2256 96.88 0.1327 92.62
340 0.3157 93.75 0.1729 93.34
350 0.2726 93.75 0.2048 94.15
360 0.1718 96.88 0.1160 95.32
370 0.2352 90.62 0.2559 94.28
380 0.1801 96.88 0.1391 94.85
390 0.0495 100.00 0.0584 94.51
400 0.1387 96.88 0.1246 94.99
410 0.1242 96.88 0.1133 94.43
420 0.2361 90.62 0.3173 94.05
430 0.1511 96.88 0.1115 92.59
440 0.3619 90.62 0.3145 94.26
450 0.0747 96.88 0.1240 95.64
460 0.3805 90.62 0.2988 94.40
470 0.1349 93.75 0.2069 93.97
480 0.1126 100.00 0.0694 93.49
490 0.1447 93.75 0.2322 93.59
500 0.0434 100.00 0.0494 95.29
510 0.2237 93.75 0.1890 95.28
520 0.0377 100.00 0.0464 95.57
530 0.0691 100.00 0.0560 94.72
540 0.0359 100.00 0.0453 95.68
550 0.1925 96.88 0.1354 94.70
560 0.0969 96.88 0.1294 93.95
570 0.1791 93.75 0.1331 94.03
580 0.0682 100.00 0.0525 95.01
590 0.0740 100.00 0.0559 94.73
600 0.4827 93.75 0.1539 95.62
610 0.1434 96.88 0.1459 95.05
620 0.0942 96.88 0.1058 95.49
630 0.1534 93.75 0.1663 95.08
640 0.2652 96.88 0.1638 95.11
650 0.0975 96.88 0.1017 95.47
660 0.1413 93.75 0.2354 95.36
670 0.1641 90.62 0.2620 94.58
680 0.0975 100.00 0.0616 94.32
690 0.3853 90.62 0.3265 95.54
700 0.3220 93.75 0.2820 94.88
710 0.0854 96.88 0.1464 95.27
720 0.3289 87.50 0.3359 94.46
730 0.1595 93.75 0.2165 93.93
740 0.1000 96.88 0.1325 94.72
750 0.1138 93.75 0.1833 94.42
760 0.0267 100.00 0.0413 96.01
770 0.2974 93.75 0.1872 95.14
780 0.1258 96.88 0.1967 93.82
790 0.0902 96.88 0.0993 95.94
800 0.0857 100.00 0.0481 95.42
810 0.0618 96.88 0.0994 94.91
820 0.0868 96.88 0.1282 94.81
830 0.1861 96.88 0.1273 95.81
840 0.1966 93.75 0.1140 94.32
850 0.1138 96.88 0.1202 95.02
860 0.0347 100.00 0.0487 95.51
870 0.3185 93.75 0.1794 95.29
880 0.0409 100.00 0.0549 94.98
890 0.3616 87.50 0.2952 95.24
900 0.0238 100.00 0.0534 95.01
910 0.3331 93.75 0.3234 95.86
920 0.1600 93.75 0.1907 96.54
930 0.1671 93.75 0.2409 96.59
940 0.1074 96.88 0.1370 96.13
950 0.0496 100.00 0.0417 96.15
960 0.1718 93.75 0.1782 96.08
970 0.1722 96.88 0.1142 96.81
980 0.3482 90.62 0.3144 96.70
990 0.0609 100.00 0.0447 95.74
1000 0.1352 96.88 0.0637 95.29
1010 0.1112 93.75 0.2225 96.06
1020 0.2614 93.75 0.2087 95.20
1030 0.1785 90.62 0.2232 93.08
1040 0.0220 100.00 0.0437 95.82
1050 0.1664 93.75 0.1971 94.57
1060 0.0672 96.88 0.1555 95.30
1070 0.1532 96.88 0.1609 96.51
1080 0.1906 87.50 0.2894 95.80
1090 0.0927 96.88 0.1715 97.23
1100 0.0497 100.00 0.0584 94.51
1110 0.1161 93.75 0.1913 94.00
1120 0.2917 90.62 0.2839 94.01
1130 0.2177 90.62 0.1782 95.00
1140 0.2311 87.50 0.3494 95.49
1150 0.3667 84.38 0.2815 94.43
1160 0.0639 100.00 0.0504 95.25
1170 0.0794 96.88 0.0882 94.92
1180 0.0566 96.88 0.0860 97.21
1190 0.0566 96.88 0.0890 97.81
1200 0.0721 100.00 0.0257 97.53
1210 0.1538 93.75 0.2218 97.96
1220 0.0312 100.00 0.0397 96.32
1230 0.0560 100.00 0.0283 97.26
1240 0.0680 96.88 0.0898 95.59
1250 0.0297 100.00 0.0282 97.26
1260 0.0770 96.88 0.0694 96.92
1270 0.1387 93.75 0.1493 95.61
1280 0.1518 93.75 0.2137 96.59
1290 0.2898 93.75 0.1611 96.21
1300 0.0364 100.00 0.0399 96.24
1310 0.1335 93.75 0.2648 95.63
1320 0.0874 100.00 0.0523 95.21
1330 0.4593 93.75 0.2848 96.49
1340 0.3047 93.75 0.2827 97.70
1350 0.1127 96.88 0.1259 96.93
1360 0.0853 96.88 0.1082 95.30
1370 0.1456 90.62 0.3050 96.93
1380 0.3630 87.50 0.2947 96.28
1390 0.1074 96.88 0.1142 96.31
1400 0.0523 100.00 0.0692 93.66
1410 0.0780 96.88 0.1839 94.51
1420 0.0522 96.88 0.1499 96.98
1430 0.1354 96.88 0.1191 97.40
1440 0.2190 90.62 0.2478 96.45
1450 0.0327 100.00 0.0321 96.91
1460 0.0158 100.00 0.0266 97.41
1470 0.0936 96.88 0.0934 97.80
1480 0.0143 100.00 0.0372 96.52
1490 0.0701 100.00 0.0521 95.29
1500 0.1243 96.88 0.0709 94.86
1510 0.0727 100.00 0.0542 94.99
1520 0.1416 96.88 0.1063 95.51
1530 0.1052 96.88 0.1217 96.63
1540 0.0773 93.75 0.1985 97.49
1550 0.0122 100.00 0.0235 97.72
1560 0.1129 93.75 0.1605 97.00
1570 0.1012 96.88 0.1333 96.51
1580 0.1639 93.75 0.1742 96.51
1590 0.1299 93.75 0.1511 97.17
1600 0.2037 90.62 0.2436 96.02
1610 0.2511 93.75 0.1972 97.00
1620 0.0293 100.00 0.0392 96.34
1630 0.0351 100.00 0.0426 96.01
1640 0.1601 90.62 0.2220 93.89
1650 0.1580 93.75 0.1254 94.96
1660 0.1300 96.88 0.1471 96.19
1670 0.0654 96.88 0.1085 96.59
1680 0.0127 100.00 0.0299 97.16
1690 0.0528 96.88 0.1547 98.24
1700 0.0473 100.00 0.0247 97.60
1710 0.1129 93.75 0.1403 94.32
1720 0.0874 96.88 0.1164 97.57
1730 0.0717 96.88 0.1177 97.17
1740 0.0840 96.88 0.0742 97.28
1750 0.1967 96.88 0.1142 95.89
1760 0.1307 96.88 0.1313 97.52
1770 0.1575 96.88 0.1285 95.54
1780 0.0868 93.75 0.2152 96.89
1790 0.1144 93.75 0.1082 94.17
1800 0.0252 100.00 0.0467 95.63
1810 0.0588 96.88 0.1158 95.36
1820 0.0829 96.88 0.1065 95.76
1830 0.0766 96.88 0.1163 96.47
1840 0.1065 96.88 0.1128 95.75
1850 0.0086 100.00 0.0312 96.99
1860 0.1393 96.88 0.0882 95.93
1870 0.0720 96.88 0.1004 95.39
