batch class_loss class_acc conf_loss conf
0 0.2378 93.75 0.3210 83.73
10 0.5672 84.38 0.2226 81.54
20 0.4208 81.25 0.1565 84.83
30 0.6818 78.12 0.1743 79.70
40 0.4071 84.38 0.3903 83.88
50 0.3795 90.62 0.2305 80.96
60 0.4241 81.25 0.2735 82.81
70 0.4310 87.50 0.2377 81.96
80 0.7067 78.12 0.2925 87.63
90 0.3856 90.62 0.2490 84.13
100 1.0487 59.38 0.6095 80.71
110 0.4781 84.38 0.1636 80.26
120 0.7245 81.25 0.2967 79.11
130 0.4457 81.25 0.2546 84.94
140 0.3439 87.50 0.1818 84.21
150 0.4509 87.50 0.2454 81.45
160 0.9483 71.88 0.4732 74.25
170 0.3504 90.62 0.2776 84.40
180 0.2264 93.75 0.0957 87.36
190 0.4058 78.12 0.2903 84.43
200 0.5638 78.12 0.1650 77.65
210 0.5368 78.12 0.3048 81.42
220 0.2556 90.62 0.2147 89.76
230 0.2230 93.75 0.1094 86.91
240 0.3727 90.62 0.1843 82.67
250 0.9915 65.62 0.2721 75.70
260 0.5805 81.25 0.3467 80.84
270 0.4474 84.38 0.2862 84.35
280 0.4587 81.25 0.2149 84.39
290 0.5991 75.00 0.3206 80.37
300 0.6246 78.12 0.2090 76.75
310 0.7631 75.00 0.4472 80.91
320 0.6806 84.38 0.3066 88.89
330 0.6819 75.00 0.3946 84.78
340 0.2363 90.62 0.1488 86.74
350 0.7414 75.00 0.2068 78.00
360 0.7542 81.25 0.4275 79.85
370 0.4136 87.50 0.1249 84.00
380 0.5029 81.25 0.3987 83.58
390 0.5938 87.50 0.2223 82.94
400 0.1765 93.75 0.1815 88.09
410 0.5374 84.38 0.1946 83.33
420 0.5263 81.25 0.3637 80.33
430 0.2087 90.62 0.1208 87.37
440 0.5706 84.38 0.2531 82.22
450 0.5092 78.12 0.3233 83.71
460 0.3469 87.50 0.1483 86.87
470 0.3726 87.50 0.1480 82.68
480 0.5951 78.12 0.3361 82.43
490 0.4673 87.50 0.1794 85.05
500 0.9162 71.88 0.3648 78.27
510 0.2710 90.62 0.1959 85.47
520 0.4182 84.38 0.1218 83.67
530 0.5675 78.12 0.2958 82.21
540 0.3397 84.38 0.2299 85.46
550 0.3635 87.50 0.1595 86.81
560 0.4064 87.50 0.1455 85.44
570 0.5058 84.38 0.2206 84.17
580 0.4804 87.50 0.1700 84.42
590 0.2519 90.62 0.1923 85.11
600 0.5633 78.12 0.1437 79.50
610 0.3793 90.62 0.1719 84.16
620 0.4558 84.38 0.3078 83.46
630 0.6904 84.38 0.2101 84.49
640 0.7345 71.88 0.3722 82.36
650 0.2886 90.62 0.1919 83.40
660 0.3297 87.50 0.1322 83.60
670 0.6844 68.75 0.3682 77.42
680 0.6031 81.25 0.2231 80.70
690 0.3108 87.50 0.2848 81.23
700 0.6805 78.12 0.2920 77.91
710 0.3596 90.62 0.2694 81.06
720 0.3126 84.38 0.1817 83.98
730 0.8016 78.12 0.4057 82.39
740 0.6859 78.12 0.3657 77.73
750 0.7547 68.75 0.2483 77.50
760 0.3117 87.50 0.1839 82.04
770 0.4779 84.38 0.2861 78.12
780 0.4086 84.38 0.2173 83.70
790 0.6085 84.38 0.1876 83.97
800 0.4861 81.25 0.2559 80.84
810 0.5800 81.25 0.1912 84.57
820 0.4498 81.25 0.1758 81.44
830 0.5811 78.12 0.2451 82.81
840 0.6929 78.12 0.3760 83.76
850 0.7526 75.00 0.1538 76.37
860 0.6925 78.12 0.1986 84.72
870 0.3797 90.62 0.2324 81.54
880 0.7575 75.00 0.2394 79.74
890 0.2490 90.62 0.1232 87.81
900 0.5529 78.12 0.2971 85.16
910 0.2767 87.50 0.1279 86.55
920 0.5984 78.12 0.2515 78.83
930 0.3298 90.62 0.2189 85.58
940 0.9074 78.12 0.3925 83.04
950 0.3517 90.62 0.1959 82.96
960 0.5260 81.25 0.2246 81.48
970 0.6261 75.00 0.2594 80.62
980 0.5965 75.00 0.1474 78.81
990 0.6994 71.88 0.2627 80.28
1000 0.5268 78.12 0.2369 83.22
1010 0.6029 81.25 0.3027 83.57
1020 0.5453 78.12 0.1971 82.74
1030 0.3215 87.50 0.1010 83.67
1040 0.3588 84.38 0.2324 84.06
1050 0.5347 84.38 0.2576 79.86
1060 0.4794 87.50 0.1997 80.62
1070 0.4144 78.12 0.1707 83.94
1080 0.4217 84.38 0.3966 84.89
1090 0.4911 84.38 0.1486 81.43
1100 0.3444 87.50 0.2779 86.54
1110 0.5676 81.25 0.3308 84.66
1120 0.5246 84.38 0.2771 80.28
1130 0.4642 84.38 0.1883 80.66
1140 0.5551 81.25 0.1213 79.11
1150 0.2135 90.62 0.2302 86.23
1160 0.5265 78.12 0.2539 80.43
1170 0.8377 75.00 0.3954 81.50
1180 0.6972 75.00 0.2292 82.38
1190 0.4736 81.25 0.2347 85.21
1200 0.6212 75.00 0.3662 81.44
1210 0.3580 93.75 0.2047 86.77
1220 0.4262 81.25 0.3610 86.37
1230 0.5245 78.12 0.3251 82.34
1240 0.5857 81.25 0.3202 80.83
1250 0.5617 78.12 0.2563 81.13
1260 0.4049 87.50 0.1908 81.07
1270 0.4564 84.38 0.1915 79.97
1280 0.4836 84.38 0.3693 81.44
1290 0.5932 71.88 0.4554 86.38
1300 0.5638 87.50 0.3813 84.95
1310 0.3246 90.62 0.1538 84.50
1320 0.6233 84.38 0.1929 81.42
1330 0.6105 78.12 0.1336 80.96
1340 0.6690 81.25 0.2775 85.38
1350 0.3262 90.62 0.2040 86.79
1360 1.0800 75.00 0.5657 79.02
1370 0.6747 75.00 0.2996 76.90
1380 0.3162 87.50 0.1528 81.65
1390 0.3827 84.38 0.2495 81.62
1400 0.5055 87.50 0.2596 78.62
1410 0.6019 81.25 0.2728 80.10
1420 0.5288 78.12 0.2207 80.88
1430 0.5837 78.12 0.3074 82.54
1440 0.7460 75.00 0.4757 80.95
1450 0.3422 87.50 0.1450 84.18
1460 0.1827 96.88 0.1533 88.07
1470 0.4024 87.50 0.2010 83.28
1480 0.4727 78.12 0.2819 82.42
1490 0.5808 78.12 0.1858 81.34
1500 0.4244 90.62 0.2423 82.43
1510 0.3465 90.62 0.2150 83.93
1520 0.7469 71.88 0.2236 80.24
1530 0.5320 81.25 0.1546 81.76
1540 0.4709 84.38 0.3172 82.52
1550 0.4284 81.25 0.1936 80.40
1560 0.9913 65.62 0.5770 80.66
1570 0.5091 78.12 0.3452 81.98
1580 0.5644 78.12 0.3830 81.48
1590 0.5799 84.38 0.2759 76.16
1600 0.4716 81.25 0.1825 83.88
1610 0.6320 81.25 0.1844 84.67
1620 0.6263 75.00 0.3045 79.43
1630 0.7380 71.88 0.2425 77.83
1640 0.3818 81.25 0.2356 84.45
1650 0.4979 78.12 0.3701 84.43
1660 0.8584 71.88 0.3713 78.75
1670 0.5482 87.50 0.3468 84.04
1680 0.7964 71.88 0.4112 82.95
1690 0.4777 84.38 0.1205 81.16
1700 0.3317 87.50 0.2099 90.47
1710 0.7382 81.25 0.2619 80.17
1720 0.3906 87.50 0.3673 84.73
1730 0.4815 81.25 0.1497 80.77
1740 0.4197 84.38 0.1904 82.42
1750 0.6411 78.12 0.3776 80.41
1760 0.6308 75.00 0.3392 83.03
1770 0.4992 78.12 0.3248 81.24
1780 0.6783 75.00 0.3310 82.23
1790 0.3440 87.50 0.1103 83.32
1800 0.5822 78.12 0.1379 81.77
1810 0.5253 78.12 0.3580 80.71
1820 0.4263 87.50 0.2786 85.59
1830 0.8463 71.88 0.4026 80.83
1840 0.7953 75.00 0.2253 79.89
1850 0.4127 87.50 0.2520 81.86
1860 0.5633 75.00 0.4524 85.46
1870 0.4205 87.50 0.2107 84.10
