batch class_loss class_acc conf_loss conf
0 2.4227 3.12 0.7697 53.24
10 2.0833 18.75 0.5332 31.74
20 1.7656 56.25 0.8561 28.48
30 1.6525 56.25 0.7039 40.25
40 1.1736 71.88 0.5781 56.62
50 0.8515 93.75 0.4081 69.20
60 0.9253 78.12 0.4330 74.21
70 1.0426 62.50 0.6526 76.29
80 0.6511 84.38 0.4198 81.97
90 0.4967 90.62 0.2799 84.15
100 0.5527 90.62 0.2808 86.79
110 0.4806 84.38 0.3989 87.82
120 0.6005 84.38 0.4876 88.24
130 0.3931 87.50 0.4124 89.01
140 0.3388 90.62 0.2922 87.31
150 0.3923 87.50 0.3318 88.03
160 0.3459 87.50 0.3268 87.22
170 0.1905 93.75 0.2187 90.12
180 0.3424 87.50 0.3739 89.83
190 0.3599 84.38 0.3356 88.90
200 0.3497 87.50 0.3697 89.03
210 0.2098 90.62 0.2690 88.79
220 0.1231 96.88 0.1616 90.14
230 0.5139 84.38 0.4168 90.64
240 0.4271 87.50 0.3890 91.34
250 0.1826 93.75 0.1581 91.69
260 0.2263 93.75 0.2378 92.09
270 0.3564 84.38 0.3748 92.12
280 0.3784 87.50 0.3156 92.57
290 0.2791 93.75 0.1689 91.53
300 0.4194 84.38 0.3461 89.37
310 0.2091 93.75 0.1585 90.21
320 0.2476 90.62 0.2380 90.82
330 0.2270 90.62 0.2159 92.63
340 0.2513 90.62 0.2786 93.18
350 0.2631 90.62 0.2749 92.42
360 0.3185 87.50 0.3086 94.87
370 0.2516 93.75 0.2213 93.93
380 0.2475 96.88 0.1516 93.84
390 0.0496 100.00 0.0506 95.15
400 0.2889 93.75 0.1984 95.12
410 0.1851 93.75 0.1758 92.71
420 0.1202 93.75 0.1869 94.02
430 0.1761 93.75 0.2346 92.79
440 0.2626 87.50 0.2185 92.51
450 0.4080 93.75 0.2667 94.60
460 0.1891 93.75 0.2447 94.66
470 0.1824 93.75 0.1886 94.45
480 0.4063 90.62 0.2452 94.31
490 0.1795 96.88 0.1810 94.26
500 0.1571 93.75 0.2276 94.40
510 0.0497 100.00 0.0704 93.42
520 0.2383 93.75 0.1641 93.97
530 0.0434 100.00 0.0560 94.71
540 0.2725 81.25 0.6223 94.88
550 0.1021 96.88 0.1141 95.76
560 0.2284 90.62 0.2494 95.19
570 0.0991 96.88 0.1242 93.86
580 0.2380 93.75 0.1703 94.03
590 0.0531 100.00 0.0616 94.15
600 0.3598 87.50 0.2751 93.35
610 0.2568 90.62 0.3069 94.84
620 0.1187 96.88 0.1077 95.27
630 0.2700 90.62 0.3448 95.63
640 0.1055 96.88 0.1264 94.92
650 0.0519 96.88 0.0928 95.83
660 0.2231 90.62 0.2301 96.47
670 0.0383 100.00 0.0365 96.49
680 0.1537 96.88 0.2051 96.55
690 0.2528 90.62 0.2552 95.13
700 0.1698 93.75 0.1336 96.25
710 0.0735 96.88 0.1007 96.40
720 0.3071 81.25 0.4526 95.28
730 0.2211 90.62 0.2197 94.46
740 0.1254 96.88 0.1557 95.54
750 0.2597 93.75 0.2213 93.39
760 0.1747 93.75 0.1557 94.19
770 0.1723 96.88 0.1151 94.57
780 0.0619 96.88 0.0765 96.12
790 0.3138 87.50 0.3024 95.59
800 0.2679 90.62 0.2414 95.06
810 0.1086 100.00 0.0490 95.34
820 0.1502 93.75 0.1219 94.87
830 0.0713 96.88 0.0941 95.93
840 0.2313 93.75 0.2141 95.21
850 0.1414 93.75 0.2018 94.75
860 0.1426 93.75 0.2160 93.34
870 0.0435 100.00 0.0511 95.19
880 0.0630 100.00 0.0539 94.97
890 0.0437 100.00 0.0432 95.89
900 0.0492 96.88 0.0951 95.02
910 0.1115 96.88 0.0964 94.67
920 0.0876 96.88 0.1187 95.26
930 0.4121 87.50 0.3325 95.70
940 0.2143 93.75 0.1477 92.98
950 0.1617 93.75 0.1531 94.96
960 0.1571 90.62 0.2886 97.08
970 0.0737 96.88 0.0906 95.75
980 0.4127 96.88 0.2539 94.94
990 0.0288 100.00 0.0418 96.01
1000 0.3070 90.62 0.2530 95.53
1010 0.1600 93.75 0.1792 96.36
1020 0.1817 90.62 0.1888 95.17
1030 0.1352 90.62 0.2143 95.17
1040 0.1076 96.88 0.0974 94.85
1050 0.2426 93.75 0.1597 95.17
1060 0.2398 93.75 0.1310 96.08
1070 0.1640 96.88 0.1345 96.44
1080 0.0554 96.88 0.1216 96.34
1090 0.1755 93.75 0.2090 95.99
1100 0.1823 93.75 0.2098 94.46
1110 0.2712 93.75 0.2267 96.47
1120 0.2137 93.75 0.1216 94.57
1130 0.0724 96.88 0.0669 95.78
1140 0.0514 100.00 0.0443 95.94
1150 0.0914 93.75 0.1951 95.05
1160 0.3297 96.88 0.1128 95.15
1170 0.0712 96.88 0.1312 95.99
1180 0.0798 96.88 0.0850 96.45
1190 0.0356 100.00 0.0294 97.17
1200 0.0831 96.88 0.1031 98.13
1210 0.0421 100.00 0.0238 97.71
1220 0.0644 96.88 0.0791 95.69
1230 0.1807 93.75 0.1668 95.18
1240 0.0364 100.00 0.0420 96.05
1250 0.1282 93.75 0.1498 96.14
1260 0.1172 93.75 0.1752 94.09
1270 0.2795 96.88 0.1279 92.76
1280 0.1344 96.88 0.1196 93.63
1290 0.0334 100.00 0.0543 95.16
1300 0.1248 96.88 0.0795 95.27
1310 0.0841 96.88 0.0868 96.22
1320 0.0939 96.88 0.0665 96.30
1330 0.0706 100.00 0.0440 95.93
1340 0.0553 100.00 0.0402 96.29
1350 0.1048 93.75 0.1615 96.40
1360 0.3243 90.62 0.2486 96.57
1370 0.2481 90.62 0.2390 96.66
1380 0.1623 93.75 0.1535 94.28
1390 0.0561 96.88 0.1630 94.22
1400 0.0681 96.88 0.1003 95.92
1410 0.1621 96.88 0.0661 95.58
1420 0.0891 93.75 0.2053 96.02
1430 0.0123 100.00 0.0230 97.76
1440 0.2105 93.75 0.1489 94.72
1450 0.0812 96.88 0.1230 97.41
1460 0.0636 96.88 0.1060 97.01
1470 0.0070 100.00 0.0224 97.83
1480 0.0669 96.88 0.1178 96.36
1490 0.2242 93.75 0.1593 96.95
1500 0.0603 100.00 0.0379 96.44
1510 0.2010 96.88 0.1612 95.84
1520 0.3734 93.75 0.2410 96.95
1530 0.0420 96.88 0.0774 96.43
1540 0.0672 100.00 0.0586 94.92
1550 0.0276 100.00 0.0363 96.52
1560 0.0302 100.00 0.0250 97.58
1570 0.0117 100.00 0.0280 97.30
1580 0.1330 96.88 0.1217 97.07
1590 0.0057 100.00 0.0260 97.51
1600 0.0295 100.00 0.0476 95.62
1610 0.0253 100.00 0.0358 96.57
1620 0.0095 100.00 0.0348 96.68
1630 0.1943 90.62 0.2450 94.96
1640 0.0909 96.88 0.1357 94.78
1650 0.1482 96.88 0.1651 94.06
1660 0.0719 100.00 0.0526 95.25
1670 0.0773 96.88 0.1756 96.03
1680 0.1138 96.88 0.0958 96.07
1690 0.0133 100.00 0.0182 98.21
1700 0.0571 96.88 0.0701 97.28
1710 0.0577 100.00 0.0407 96.19
1720 0.0319 100.00 0.0174 98.30
1730 0.2389 90.62 0.2822 97.29
1740 0.2162 93.75 0.1546 97.61
1750 0.0333 100.00 0.0380 96.46
1760 0.0277 100.00 0.0314 96.99
1770 0.0281 100.00 0.0386 96.43
1780 0.0997 96.88 0.0684 96.90
1790 0.5822 84.38 0.6074 96.97
1800 0.0137 100.00 0.0375 96.50
1810 0.2113 90.62 0.1638 94.89
1820 0.0689 96.88 0.0813 95.35
1830 0.2285 90.62 0.2396 95.37
1840 0.1372 93.75 0.2242 95.73
1850 0.2442 87.50 0.3029 95.44
1860 0.2163 93.75 0.2167 96.26
1870 0.0235 100.00 0.0320 96.93
