batch class_loss class_acc conf_loss conf
0 0.1013 93.75 0.1376 96.70
10 0.0708 96.88 0.1439 97.79
20 0.0275 100.00 0.0225 97.84
30 0.0514 96.88 0.1224 97.28
40 0.0239 100.00 0.0179 98.25
50 0.2710 93.75 0.2456 98.78
60 0.2064 93.75 0.1941 97.70
70 0.2865 93.75 0.1423 95.69
80 0.0327 100.00 0.0459 95.87
90 0.0035 100.00 0.0158 98.45
100 0.0182 100.00 0.0370 97.04
110 0.0090 100.00 0.0225 97.82
120 0.0135 100.00 0.0276 97.38
130 0.0298 100.00 0.0159 98.49
140 0.0545 96.88 0.0875 97.96
150 0.0689 96.88 0.0847 96.70
160 0.1488 96.88 0.0849 97.03
170 0.1590 93.75 0.3340 98.13
180 0.0853 96.88 0.1192 98.12
190 0.0133 100.00 0.0212 97.99
200 0.0076 100.00 0.0244 97.83
210 0.0132 100.00 0.0358 96.69
220 0.0740 93.75 0.1501 97.57
230 0.0097 100.00 0.0227 97.85
240 0.0214 100.00 0.0204 98.03
250 0.0516 96.88 0.0554 97.69
260 0.1137 93.75 0.2597 98.39
270 0.1158 93.75 0.0892 96.08
280 0.1455 96.88 0.0759 97.64
290 0.0049 100.00 0.0194 98.16
300 0.0727 96.88 0.1253 96.31
310 0.0511 96.88 0.1191 99.04
320 0.0336 100.00 0.0109 98.94
330 0.0726 96.88 0.1414 97.05
340 0.1401 96.88 0.1276 98.22
350 0.0424 100.00 0.0197 98.09
360 0.0507 96.88 0.0916 98.51
370 0.1662 93.75 0.2015 96.45
380 0.1598 96.88 0.0701 96.86
390 0.1095 96.88 0.1049 97.47
400 0.0549 96.88 0.0405 97.53
410 0.0921 96.88 0.1534 97.55
420 0.0055 100.00 0.0170 98.35
430 0.0828 96.88 0.0789 97.15
440 0.1119 96.88 0.1419 99.01
450 0.0062 100.00 0.0200 98.09
460 0.0023 100.00 0.0129 98.75
470 0.0031 100.00 0.0120 98.83
480 0.0151 100.00 0.0106 98.97
490 0.0030 100.00 0.0125 98.78
500 0.0297 96.88 0.1323 98.13
510 0.0802 96.88 0.0570 95.43
520 0.0038 100.00 0.0191 98.16
530 0.0125 100.00 0.0169 98.38
540 0.0947 96.88 0.0756 98.58
550 0.0057 100.00 0.0140 98.63
560 0.0127 100.00 0.0185 98.25
570 0.2163 93.75 0.2302 97.23
580 0.0056 100.00 0.0311 97.09
590 0.0088 100.00 0.0164 98.41
600 0.1055 93.75 0.1686 98.01
610 0.0097 100.00 0.0290 97.36
620 0.0332 96.88 0.0465 98.08
630 0.0370 96.88 0.0879 97.95
640 0.0482 96.88 0.0676 98.37
650 0.0050 100.00 0.0207 97.99
660 0.0466 96.88 0.1194 97.69
670 0.0127 100.00 0.0180 98.26
680 0.0409 100.00 0.0149 98.55
690 0.0432 100.00 0.0158 98.47
700 0.0451 96.88 0.1468 98.50
710 0.0665 96.88 0.0772 96.31
720 0.0178 100.00 0.0407 96.26
730 0.3178 96.88 0.2895 96.96
740 0.0156 100.00 0.0331 97.10
750 0.0014 100.00 0.0124 98.79
760 0.2254 93.75 0.1490 97.90
770 0.0022 100.00 0.0111 98.90
780 0.0166 100.00 0.0248 97.69
790 0.0188 100.00 0.0198 98.11
800 0.0075 100.00 0.0149 98.57
810 0.0598 96.88 0.0846 98.30
820 0.0508 100.00 0.0229 98.05
830 0.0797 96.88 0.0884 97.92
840 0.0104 100.00 0.0124 98.81
850 0.0551 96.88 0.1484 97.97
860 0.0719 96.88 0.0562 97.70
870 0.0068 100.00 0.0276 97.40
880 0.2957 96.88 0.0903 97.23
890 0.0313 100.00 0.0476 95.84
900 0.2074 96.88 0.0985 97.51
910 0.0344 100.00 0.0291 97.37
920 0.0299 100.00 0.0287 97.32
930 0.0199 100.00 0.0359 97.07
940 0.0318 100.00 0.0246 97.66
950 0.0674 96.88 0.1537 97.96
960 0.0870 96.88 0.0669 97.35
970 0.3005 87.50 0.3950 97.98
980 0.0063 100.00 0.0239 97.70
990 0.0271 100.00 0.0204 98.03
1000 0.3292 93.75 0.2489 97.46
1010 0.0222 100.00 0.0182 98.25
1020 0.0048 100.00 0.0132 98.71
1030 0.0812 96.88 0.0405 97.22
1040 0.0688 96.88 0.1848 97.34
1050 0.0025 100.00 0.0129 98.73
1060 0.0263 100.00 0.0331 96.91
1070 0.0270 100.00 0.0310 97.04
1080 0.0660 100.00 0.0491 95.66
1090 0.0459 96.88 0.1444 97.96
1100 0.0519 96.88 0.0702 98.63
1110 0.0153 100.00 0.0190 98.19
1120 0.3137 90.62 0.3068 97.81
1130 0.0996 96.88 0.1954 98.09
1140 0.0068 100.00 0.0237 97.75
1150 0.0192 100.00 0.0192 98.15
1160 0.0225 100.00 0.0271 97.46
1170 0.0381 96.88 0.1121 98.85
1180 0.0143 100.00 0.0112 98.90
1190 0.0113 100.00 0.0186 98.27
1200 0.0377 96.88 0.0671 98.26
1210 0.0119 100.00 0.0226 97.93
1220 0.2356 93.75 0.2451 97.73
1230 0.0026 100.00 0.0149 98.55
1240 0.0484 96.88 0.0787 96.49
1250 0.0069 100.00 0.0225 97.87
1260 0.0463 96.88 0.0470 97.84
1270 0.0998 93.75 0.1863 97.73
1280 0.1688 96.88 0.0795 97.91
1290 0.0254 100.00 0.0248 97.63
1300 0.0275 100.00 0.0173 98.32
1310 0.0066 100.00 0.0195 98.13
1320 0.0371 100.00 0.0259 97.56
1330 0.0425 96.88 0.0969 98.82
1340 0.0243 100.00 0.0178 98.28
1350 0.0067 100.00 0.0093 99.09
1360 0.0050 100.00 0.0131 98.73
1370 0.2226 93.75 0.1978 97.97
1380 0.0340 100.00 0.0176 98.30
1390 0.0852 96.88 0.0928 97.97
1400 0.0030 100.00 0.0130 98.72
1410 0.0683 96.88 0.0887 97.60
1420 0.0027 100.00 0.0129 98.74
1430 0.0605 100.00 0.0240 97.71
1440 0.1151 96.88 0.1150 98.10
1450 0.0097 100.00 0.0232 97.83
1460 0.0230 100.00 0.0210 97.98
1470 0.0080 100.00 0.0094 99.08
1480 0.0253 100.00 0.0176 98.30
1490 0.0118 100.00 0.0200 98.07
1500 0.0330 96.88 0.0767 97.72
1510 0.0739 96.88 0.1255 98.75
1520 0.0276 100.00 0.0222 97.86
1530 0.0371 100.00 0.0193 98.17
1540 0.0367 96.88 0.1172 96.28
1550 0.0242 100.00 0.0260 97.61
1560 0.0832 96.88 0.1271 98.00
1570 0.0733 96.88 0.1436 98.05
1580 0.0690 96.88 0.0509 97.83
1590 0.2465 93.75 0.1570 97.39
1600 0.0621 100.00 0.0401 96.31
1610 0.1131 96.88 0.1019 97.60
1620 0.0063 100.00 0.0115 98.87
1630 0.0268 100.00 0.0206 98.01
1640 0.2450 93.75 0.2551 97.58
1650 0.1306 96.88 0.0428 97.50
1660 0.1020 96.88 0.0899 98.35
1670 0.0068 100.00 0.0231 97.78
1680 0.0158 100.00 0.0169 98.36
1690 0.0204 100.00 0.0239 97.73
1700 0.0588 96.88 0.0710 97.00
1710 0.0825 96.88 0.0602 96.64
1720 0.3111 93.75 0.1624 97.13
1730 0.1236 96.88 0.1149 98.20
1740 0.1524 96.88 0.1176 98.62
1750 0.0159 100.00 0.0163 98.42
1760 0.0103 100.00 0.0202 98.10
1770 0.0269 100.00 0.0190 98.15
1780 0.0165 100.00 0.0226 97.85
1790 0.0097 100.00 0.0157 98.48
1800 0.1018 96.88 0.2014 97.57
1810 0.0207 100.00 0.0186 98.25
1820 0.0675 96.88 0.0451 97.77
1830 0.0699 96.88 0.0681 97.14
1840 0.0187 100.00 0.0283 97.45
1850 0.0046 100.00 0.0364 96.64
1860 0.0281 100.00 0.0320 97.02
1870 0.4040 90.62 0.2988 96.22
