batch class_loss class_acc conf_loss conf
0 0.0443 100.00 0.0394 96.44
10 0.1087 93.75 0.1160 96.29
20 0.0309 96.88 0.1250 99.46
30 0.0101 100.00 0.0196 98.17
40 0.0955 93.75 0.1278 96.87
50 0.0265 96.88 0.1400 99.17
60 0.0138 100.00 0.0126 98.77
70 0.0229 100.00 0.0124 98.82
80 0.0750 96.88 0.1403 98.05
90 0.0352 96.88 0.1658 99.21
100 0.0146 100.00 0.0093 99.09
110 0.0062 100.00 0.0048 99.53
120 0.0023 100.00 0.0042 99.59
130 0.0132 100.00 0.0084 99.18
140 0.0087 100.00 0.0224 97.94
150 0.1472 93.75 0.2073 98.68
160 0.0137 100.00 0.0139 98.64
170 0.0298 100.00 0.0274 97.49
180 0.0706 96.88 0.0720 97.81
190 0.0082 100.00 0.0213 98.00
200 0.0319 100.00 0.0146 98.58
210 0.1083 93.75 0.1725 98.77
220 0.0043 100.00 0.0169 98.43
230 0.0013 100.00 0.0161 98.48
240 0.0297 100.00 0.0107 98.96
250 0.1882 93.75 0.1903 98.67
260 0.0451 96.88 0.0825 98.76
270 0.0032 100.00 0.0108 98.96
280 0.0905 93.75 0.1688 98.98
290 0.3108 96.88 0.1224 99.16
300 0.1182 96.88 0.0439 97.77
310 0.0117 100.00 0.0212 98.01
320 0.0691 96.88 0.1118 97.20
330 0.0858 96.88 0.0890 97.90
340 0.0027 100.00 0.0076 99.25
350 0.0179 100.00 0.0198 98.14
360 0.0650 96.88 0.0847 98.58
370 0.0303 100.00 0.0234 97.88
380 0.0310 96.88 0.1068 98.76
390 0.0015 100.00 0.0105 98.96
400 0.0044 100.00 0.0093 99.09
410 0.0092 100.00 0.0188 98.25
420 0.0167 100.00 0.0119 98.84
430 0.0664 96.88 0.0299 97.64
440 0.0283 100.00 0.0207 98.05
450 0.1176 96.88 0.0497 97.56
460 0.0570 100.00 0.0433 96.15
470 0.0608 96.88 0.0843 98.65
480 0.0845 93.75 0.1306 96.36
490 0.0367 96.88 0.1946 98.50
500 0.0390 100.00 0.0218 98.02
510 0.0009 100.00 0.0059 99.41
520 0.0089 100.00 0.0141 98.68
530 0.0609 96.88 0.0934 97.17
540 0.0100 100.00 0.0159 98.52
550 0.0030 100.00 0.0102 99.01
560 0.1680 90.62 0.2922 98.43
570 0.0274 100.00 0.0357 97.32
580 0.0025 100.00 0.0105 98.97
590 0.0056 100.00 0.0113 98.92
600 0.0045 100.00 0.0064 99.37
610 0.0205 100.00 0.0260 97.85
620 0.0209 100.00 0.0303 97.37
630 0.0037 100.00 0.0094 99.08
640 0.0086 100.00 0.0151 98.55
650 0.0834 96.88 0.0353 97.60
660 0.0010 100.00 0.0158 98.48
670 0.0032 100.00 0.0101 99.01
680 0.0050 100.00 0.0190 98.21
690 0.2333 93.75 0.1884 99.16
700 0.0049 100.00 0.0121 98.82
710 0.0053 100.00 0.0071 99.31
720 0.0602 96.88 0.0578 97.71
730 0.0187 100.00 0.0124 98.89
740 0.0069 100.00 0.0103 99.00
750 0.0364 96.88 0.1278 98.25
760 0.0392 100.00 0.0150 98.58
770 0.0027 100.00 0.0071 99.30
780 0.0140 100.00 0.0138 98.66
790 0.0128 100.00 0.0132 98.74
800 0.0125 100.00 0.0087 99.15
810 0.0660 93.75 0.2285 98.91
820 0.0879 96.88 0.1040 97.49
830 0.0122 100.00 0.0215 97.99
840 0.1219 96.88 0.1161 98.96
850 0.0141 100.00 0.0104 98.97
860 0.0438 96.88 0.1352 98.66
870 0.1617 93.75 0.1950 98.28
880 0.0734 96.88 0.1292 97.23
890 0.0051 100.00 0.0120 98.83
900 0.0165 100.00 0.0095 99.07
910 0.0268 100.00 0.0130 98.74
920 0.0489 96.88 0.0863 98.19
930 0.0411 96.88 0.0734 96.60
940 0.0689 96.88 0.1340 96.72
950 0.0181 100.00 0.0208 98.05
960 0.0617 96.88 0.0924 98.14
970 0.0936 96.88 0.0619 97.81
980 0.0678 96.88 0.0982 96.44
990 0.0034 100.00 0.0130 98.73
1000 0.0110 100.00 0.0353 96.84
1010 0.0152 100.00 0.0317 97.04
1020 0.0046 100.00 0.0139 98.66
1030 0.0287 100.00 0.0158 98.47
1040 0.0037 100.00 0.0201 98.08
1050 0.0100 100.00 0.0097 99.07
1060 0.0346 100.00 0.0082 99.20
1070 0.0011 100.00 0.0052 99.48
1080 0.2618 96.88 0.1343 99.09
1090 0.0982 96.88 0.0938 98.84
1100 0.0040 100.00 0.0125 98.78
1110 0.0243 100.00 0.0170 98.41
1120 0.0014 100.00 0.0091 99.11
1130 0.0176 100.00 0.0135 98.70
1140 0.0050 100.00 0.0172 98.33
1150 0.1020 96.88 0.0732 97.74
1160 0.0040 100.00 0.0155 98.49
1170 0.0058 100.00 0.0128 98.78
1180 0.3275 90.62 0.2745 98.06
1190 0.0021 100.00 0.0103 98.99
1200 0.0065 100.00 0.0129 98.76
1210 0.1952 96.88 0.1098 99.38
1220 0.1687 93.75 0.1663 97.08
1230 0.1619 93.75 0.1871 96.07
1240 0.1317 96.88 0.1589 99.08
1250 0.0786 96.88 0.0827 98.77
1260 0.0234 100.00 0.0266 97.63
1270 0.0159 100.00 0.0194 98.18
1280 0.0029 100.00 0.0164 98.47
1290 0.0016 100.00 0.0066 99.35
1300 0.0482 96.88 0.1006 99.25
1310 0.0054 100.00 0.0109 98.93
1320 0.0205 100.00 0.0139 98.65
1330 0.1382 93.75 0.1239 97.94
1340 0.0227 100.00 0.0148 98.58
1350 0.0060 100.00 0.0067 99.34
1360 0.0048 100.00 0.0087 99.15
1370 0.0822 93.75 0.2190 99.27
1380 0.0384 100.00 0.0091 99.11
1390 0.1002 93.75 0.2408 98.64
1400 0.0666 96.88 0.1660 99.11
1410 0.0687 96.88 0.0515 98.50
1420 0.0647 96.88 0.0584 96.63
1430 0.0352 100.00 0.0191 98.19
1440 0.0837 96.88 0.0670 97.94
1450 0.0097 100.00 0.0204 98.06
1460 0.0047 100.00 0.0098 99.03
1470 0.0003 100.00 0.0098 99.06
1480 0.1488 93.75 0.1672 98.02
1490 0.0224 100.00 0.0163 98.46
1500 0.0197 100.00 0.0195 98.13
1510 0.0484 96.88 0.0868 96.92
1520 0.2136 93.75 0.1548 97.90
1530 0.0033 100.00 0.0173 98.35
1540 0.0242 100.00 0.0137 98.69
1550 0.0041 100.00 0.0186 98.32
1560 0.0107 100.00 0.0110 98.94
1570 0.0635 96.88 0.0897 98.18
1580 0.0020 100.00 0.0059 99.41
1590 0.0176 100.00 0.0153 98.54
1600 0.0839 96.88 0.1485 97.34
1610 0.1903 93.75 0.2184 99.03
1620 0.0547 96.88 0.1154 98.72
1630 0.0101 100.00 0.0185 98.21
1640 0.0202 100.00 0.0225 97.95
1650 0.0706 96.88 0.0969 99.13
1660 0.0026 100.00 0.0126 98.77
1670 0.0973 93.75 0.1517 96.91
1680 0.2018 96.88 0.1124 99.05
1690 0.0327 96.88 0.1219 98.75
1700 0.1681 96.88 0.0778 97.89
1710 0.0867 96.88 0.0673 98.09
1720 0.2186 96.88 0.0846 96.58
1730 0.0086 100.00 0.0364 96.93
1740 0.1175 96.88 0.0847 97.27
1750 0.0265 100.00 0.0180 98.33
1760 0.0818 96.88 0.1087 97.54
1770 0.0063 100.00 0.0111 98.91
1780 0.1101 93.75 0.0761 96.66
1790 0.1903 90.62 0.2921 98.26
1800 0.0040 100.00 0.0165 98.39
1810 0.0078 100.00 0.0244 97.68
1820 0.0028 100.00 0.0121 98.81
1830 0.2214 93.75 0.1644 97.86
1840 0.0384 96.88 0.0303 97.75
1850 0.1312 96.88 0.1321 98.70
1860 0.0102 100.00 0.0169 98.37
1870 0.0175 100.00 0.0174 98.38
