batch class_loss class_acc conf_loss conf
0 0.6699 78.12 0.2913 75.97
10 0.3150 84.38 0.3632 83.42
20 0.7769 68.75 0.3252 77.25
30 0.7129 78.12 0.4588 78.87
40 0.7344 75.00 0.2067 82.22
50 0.5034 87.50 0.2414 82.37
60 0.5036 84.38 0.2115 86.94
70 0.5378 81.25 0.3327 82.63
80 0.4846 78.12 0.3578 84.42
90 0.6074 75.00 0.3709 80.85
100 0.1709 96.88 0.1505 86.68
110 0.5692 78.12 0.2537 81.98
120 0.4612 84.38 0.2419 85.25
130 0.6911 81.25 0.2357 79.96
140 0.4007 84.38 0.1282 82.93
150 1.0609 68.75 0.3431 80.69
160 0.6123 84.38 0.2872 82.50
170 0.4697 87.50 0.3901 79.03
180 0.5255 84.38 0.2691 80.56
190 0.5937 84.38 0.2407 82.34
200 0.4640 87.50 0.2215 83.08
210 0.3092 87.50 0.1784 87.00
220 0.3928 90.62 0.2136 85.10
230 0.4112 84.38 0.1921 84.11
240 0.3105 87.50 0.2142 89.45
250 0.3072 90.62 0.1299 84.28
260 0.5914 75.00 0.1081 78.51
270 0.4883 81.25 0.2235 84.14
280 0.3831 87.50 0.1228 85.37
290 0.5958 81.25 0.3507 82.79
300 0.5426 78.12 0.3030 85.52
310 0.6016 81.25 0.3140 79.85
320 0.5265 81.25 0.2328 83.06
330 0.3930 78.12 0.2080 83.06
340 0.3619 90.62 0.1640 82.54
350 0.5575 78.12 0.2618 85.83
360 0.4743 87.50 0.1637 83.23
370 0.3069 90.62 0.1236 87.20
380 0.5205 78.12 0.2950 80.98
390 0.3718 87.50 0.1626 83.13
400 0.5447 78.12 0.2534 78.92
410 0.2941 87.50 0.1055 85.05
420 0.3229 87.50 0.2790 82.89
430 0.5246 75.00 0.0994 78.20
440 0.4362 81.25 0.1137 80.96
450 0.1603 96.88 0.1485 88.58
460 0.7955 68.75 0.3805 80.84
470 0.2112 96.88 0.1521 88.04
480 0.3088 84.38 0.1741 85.79
490 0.3473 87.50 0.1574 85.04
500 0.3093 93.75 0.1895 82.92
510 0.5193 84.38 0.2609 86.27
520 0.4370 84.38 0.1566 83.10
530 0.6953 68.75 0.3421 80.30
540 0.5103 87.50 0.4469 84.57
550 0.3413 87.50 0.1047 83.81
560 0.3796 87.50 0.2372 83.89
570 0.5916 78.12 0.3054 81.93
580 0.6156 87.50 0.5061 83.38
590 0.5691 75.00 0.2904 81.11
600 0.7467 75.00 0.3677 81.53
610 0.3144 87.50 0.1372 85.77
620 0.4604 90.62 0.3778 86.84
630 0.6489 75.00 0.3335 81.41
640 0.4468 84.38 0.2150 85.23
650 0.5410 84.38 0.2181 80.21
660 0.4470 84.38 0.2661 84.15
670 0.5121 87.50 0.1949 83.58
680 0.7693 71.88 0.2648 81.57
690 0.4553 81.25 0.1483 84.12
700 0.4814 81.25 0.1398 83.83
710 0.3260 87.50 0.2883 84.06
720 0.3102 93.75 0.1860 85.49
730 0.7158 84.38 0.3895 85.07
740 0.4481 90.62 0.2178 87.97
750 0.5199 75.00 0.3322 83.70
760 0.5648 81.25 0.3234 83.45
770 0.6065 78.12 0.1385 80.04
780 0.3286 87.50 0.1412 84.01
790 0.7480 75.00 0.4250 76.70
800 0.4378 87.50 0.1913 81.19
810 0.4082 87.50 0.1598 80.71
820 0.9244 65.62 0.3939 82.74
830 0.6234 78.12 0.1536 78.91
840 0.4459 84.38 0.2925 80.50
850 0.5515 81.25 0.4817 87.89
860 0.8049 75.00 0.4696 85.70
870 0.5690 81.25 0.2855 83.23
880 0.7929 68.75 0.2948 79.90
890 0.3168 87.50 0.1135 84.24
900 0.4509 78.12 0.3254 83.10
910 0.5166 81.25 0.3405 84.19
920 0.4955 81.25 0.2893 86.62
930 0.4229 84.38 0.2273 85.09
940 0.5438 87.50 0.4299 83.15
950 0.7007 71.88 0.3961 77.10
960 0.4140 84.38 0.2915 78.98
970 0.4274 81.25 0.3875 83.08
980 0.4937 84.38 0.3091 77.70
990 0.5535 78.12 0.2384 79.98
1000 0.5882 81.25 0.2429 79.98
1010 0.5316 81.25 0.3673 80.09
1020 0.4359 84.38 0.2741 84.62
1030 0.3101 90.62 0.1632 85.93
1040 0.4439 84.38 0.2117 88.54
1050 0.2999 87.50 0.2727 84.63
1060 0.3254 87.50 0.2608 87.60
1070 0.5035 87.50 0.3224 79.70
1080 0.4900 84.38 0.1840 86.32
1090 0.6934 71.88 0.3356 83.62
1100 0.2375 90.62 0.1081 90.49
1110 0.4478 90.62 0.1295 85.78
1120 0.6200 90.62 0.3646 84.57
1130 0.2542 93.75 0.1497 85.28
1140 0.2470 90.62 0.1138 85.70
1150 1.0278 65.62 0.2399 77.82
1160 0.6187 75.00 0.1899 77.20
1170 0.5401 87.50 0.3034 80.07
1180 0.7642 81.25 0.3412 82.64
1190 0.3647 87.50 0.1371 84.23
1200 0.7177 75.00 0.1596 74.98
1210 0.6961 75.00 0.1518 79.45
1220 0.3896 90.62 0.2840 78.83
1230 0.5880 78.12 0.3017 79.97
1240 0.6180 81.25 0.2843 80.60
1250 0.5388 81.25 0.2750 78.63
1260 0.3478 90.62 0.2475 85.65
1270 0.2348 93.75 0.2466 85.99
1280 0.6132 81.25 0.2312 82.59
1290 0.6502 75.00 0.1518 77.60
1300 0.7396 75.00 0.4432 76.13
1310 0.3372 84.38 0.2164 83.68
1320 0.4614 87.50 0.2618 79.71
1330 0.3568 90.62 0.2960 83.05
1340 0.4609 84.38 0.2365 82.21
1350 0.4946 81.25 0.3147 82.08
1360 0.5438 78.12 0.1518 80.88
1370 0.7020 71.88 0.3064 79.45
1380 0.9427 65.62 0.3423 78.23
1390 0.3872 84.38 0.1426 82.84
1400 0.5352 78.12 0.1775 81.82
1410 0.5316 84.38 0.1974 83.94
1420 0.5407 81.25 0.2899 80.49
1430 0.4981 81.25 0.2189 87.27
1440 0.4579 78.12 0.1814 83.74
1450 0.6513 78.12 0.3849 82.24
1460 0.6392 75.00 0.3221 81.59
1470 0.8405 75.00 0.4904 76.94
1480 0.3519 84.38 0.2064 84.20
1490 0.5170 87.50 0.2369 81.21
1500 0.3076 87.50 0.2014 81.91
1510 0.4148 87.50 0.2029 80.29
1520 0.5123 84.38 0.1745 82.03
1530 0.6285 78.12 0.4601 81.29
1540 0.4244 87.50 0.2752 82.63
1550 0.2751 93.75 0.1946 86.00
1560 0.5660 78.12 0.2268 79.83
1570 0.6090 78.12 0.2526 81.95
1580 0.3919 84.38 0.1807 82.50
1590 0.5522 81.25 0.2604 85.28
1600 0.2197 90.62 0.1761 85.93
1610 0.8167 71.88 0.2837 80.70
1620 0.4403 84.38 0.2613 81.91
1630 0.4552 84.38 0.1827 82.55
1640 0.6662 75.00 0.2321 82.78
1650 0.4730 84.38 0.2867 83.50
1660 0.3910 87.50 0.2757 82.41
1670 0.2753 87.50 0.1267 83.29
1680 0.5967 78.12 0.2748 76.84
1690 0.3958 81.25 0.2849 83.32
1700 0.5458 81.25 0.1850 81.11
1710 0.3237 93.75 0.1823 84.09
1720 0.4286 84.38 0.1416 81.04
1730 0.6651 68.75 0.4983 81.86
1740 0.3898 87.50 0.1237 81.97
1750 0.6091 84.38 0.2580 79.63
1760 0.3654 87.50 0.1882 85.26
1770 0.1708 100.00 0.1951 86.35
1780 0.5196 81.25 0.2366 82.69
1790 0.2500 90.62 0.1565 86.17
1800 0.6754 81.25 0.4628 84.92
1810 1.0633 65.62 0.4004 77.49
1820 0.6996 81.25 0.2463 78.41
1830 0.4480 87.50 0.1437 82.67
1840 0.3435 90.62 0.3230 82.90
1850 0.6648 75.00 0.3453 82.89
1860 0.5386 84.38 0.1623 82.61
1870 0.6321 78.12 0.1884 80.63
